structure(c(0.000233556067876276, -0.000117489641357651, 8.49900156281218e-06, 
6.93455841920821e-06, 0, 8.49900156281218e-06, 0.000298375827558499, 
-0.000361508750302296, 0, 4.90339214935914e-06, 1.20323207352433e-05, 
6.93692337292084e-06, 6.93809942167369e-06, 0, 8.49900156281218e-06, 
8.4990015628132e-06, 4.90339706897772e-06, 9.81731602649504e-06, 
1.09800263654299e-05, 5.80559200454591e-05, -0.000183468134728, 
-7.896441880366e-05, 2.33310858965905e-05, -5.79830661671346e-06, 
-4.73260402945706e-06, 0, -5.79830661671346e-06, 9.03784441927672e-05, 
-5.86230049114052e-05, 0, -3.34526016136915e-06, -8.20886260368467e-06, 
-4.73260402945706e-06, -4.73260402945706e-06, 0, -5.79830661671346e-06, 
-5.79830661671346e-06, -3.34526016136915e-06, -6.69770535779388e-06, 
-7.49094572849719e-06, -3.7075643692902e-05, 0.000125168173201113, 
0.00010767296528507, -3.34629209176128e-06, 1.13597290671901e-05, 
9.27186206057966e-06, 0, 1.13597290671901e-05, -3.48933416851941e-05, 
-6.0625151441612e-05, 0, 6.55385295723137e-06, 1.60823603316923e-05, 
9.27186205873538e-06, 9.27186206057966e-06, 0, 1.13597290670371e-05, 
1.13597290671901e-05, 6.55385295723137e-06, 1.31217825523412e-05, 
1.46758562029152e-05, 7.26365981116159e-05, -0.000245222723028736, 
-0.00072784702095933, 0.00186089899435528, 0.00146022615013002, 
-0.00194842282771774, 0.000727948570822886, -0.0018608823179702, 
-0.00146021305485771, 0.00194840536753673, -0.000117489641318272, 
0.000199756581198099, 8.19750037280654e-06, 6.69088615078293e-06, 
0, 8.19750037280654e-06, -0.000138289119546662, 9.30625003755431e-05, 
0, 4.72944482996215e-06, 1.16054847069046e-05, 6.69083673813868e-06, 
6.69085791200227e-06, 0, 8.19750037280654e-06, 8.19750037280675e-06, 
4.72944488506806e-06, 9.46904776746285e-06, 1.05905110870631e-05, 
5.24458052619142e-05, -0.000176959621527301, 2.33310856017171e-05, 
-9.04189727024248e-05, -5.23538445732675e-06, -4.27314440526519e-06, 
0, -5.23538445732675e-06, 8.16042705069344e-05, -5.29316560554204e-05, 
0, -3.02048924403239e-06, -7.41191431607893e-06, -4.27314440526519e-06, 
-4.27314440526519e-06, 0, -5.23538445732675e-06, -5.23538445732675e-06, 
-3.02048924403239e-06, -6.04746621297495e-06, -6.76369552869591e-06, 
-3.347619648334e-05, 0.000113016359660002, -3.34629186667943e-06, 
1.5389977829585e-07, -5.19694083029661e-07, -4.24176624980799e-07, 
0, -5.19694083029661e-07, 3.95089833668943e-06, -1.37964524202174e-07, 
0, -2.99830956811628e-07, -7.35748861798064e-07, -4.24176626873151e-07, 
-4.24176624980799e-07, 0, -5.19694082983309e-07, -5.19694083029661e-07, 
-2.99830956811628e-07, -6.00305899299345e-07, -6.71402960539068e-07, 
-3.32303758238528e-06, 1.12186463488437e-05, 5.95769078923803e-05, 
-0.000540352410593422, 0.000733670723567987, -0.000645028285201568, 
-5.9660120436664e-05, 0.000540347564034279, -0.000733664147414226, 
0.000645022516276035, 8.49900152636993e-06, 8.1975003466227e-06, 
1.65734201587713e-06, 1.35256221809071e-06, 0, 1.65734201587713e-06, 
9.86358080306938e-06, -1.7815197679656e-05, 0, 9.56182639513439e-07, 
2.34635399133732e-06, 1.35272997718121e-06, 1.35265808800858e-06, 
0, 1.65734201587713e-06, 1.65734201587807e-06, 9.56182451549778e-07, 
1.91441902276132e-06, 2.14115250527012e-06, 1.04957902743842e-05, 
-3.5777078880752e-05, -5.79830805604991e-06, -5.23538435963617e-06, 
-1.49550964005725e-06, -1.22064145540092e-06, 0, -1.49550964005725e-06, 
2.33105692231418e-05, -1.51201476523916e-05, 0, -8.62815194791974e-07, 
-2.117243377297e-06, -1.22064145540092e-06, -1.22064145540092e-06, 
0, -1.49550964005725e-06, -1.49550964005725e-06, -8.62815194791974e-07, 
-1.72748370379629e-06, -1.93207757116754e-06, -9.56261347107025e-06, 
3.22835829904057e-05, 1.13597274937816e-05, -5.19694062896897e-07, 
1.76459254583065e-06, 1.44026841221622e-06, 0, 1.76459254583065e-06, 
-1.34164803940048e-05, 4.70205194092086e-07, 0, 1.01805956749278e-06, 
2.49819435908783e-06, 1.44026841221622e-06, 1.44026841221622e-06, 
0, 1.76459254634812e-06, 1.76459254583065e-06, 1.01805956749278e-06, 
2.03830569611178e-06, 2.27971169865662e-06, 1.12831917520435e-05, 
-3.80923049100208e-05, 2.3251259977267e-09, 9.77976511693479e-05, 
0.000184542303186019, -0.000265502023473486, -2.5056709744503e-09, 
-9.77967911211833e-05, -0.000184540650945629, 0.000265499710340428, 
6.93455970264035e-06, 6.69088662737801e-06, 1.35256216317834e-06, 
1.19967654128665e-06, 0, 1.35256216317834e-06, 8.04568923484368e-06, 
-1.45425372276898e-05, 0, 7.80343740107321e-07, 1.91486728164412e-06, 
1.10396741974918e-06, 1.1039087389561e-06, 0, 1.35256216317834e-06, 
1.35256216317847e-06, 7.80343576296467e-07, 1.56236361490953e-06, 
1.74740154028957e-06, 8.56563985124122e-06, -2.91977904909487e-05, 
-4.73260108247766e-06, -4.27314497469452e-06, -1.22064055497098e-06, 
-9.96290650083032e-07, 0, -1.22064055497098e-06, 1.90262148112272e-05, 
-1.23411284818794e-05, 0, -7.04234258840322e-07, -1.72810281807182e-06, 
-9.96290650083032e-07, -9.96290650083032e-07, 0, -1.22064055497098e-06, 
-1.22064055497098e-06, -7.04234258840322e-07, -1.40998114034962e-06, 
-1.5769712398656e-06, -7.80504165415461e-06, 2.63500000147138e-05, 
9.27186135329608e-06, -4.24176677700056e-07, 1.44026885625833e-06, 
1.17555404403278e-06, 0, 1.44026885625833e-06, -1.09505902300132e-05, 
3.83783235675736e-07, 0, 8.30944446576889e-07, 2.03903607449761e-06, 
1.17555404402556e-06, 1.17555404403278e-06, 0, 1.44026885456217e-06, 
1.44026885625833e-06, 8.30944446576889e-07, 1.66367479029171e-06, 
1.86071127704474e-06, 9.20939165729327e-06, -3.10910918562207e-05, 
-7.48459590279442e-09, 7.98207197318523e-05, 0.000150622147749791, 
-0.000216701817846707, 7.34245728215215e-09, -7.98199535135748e-05, 
-0.000150620875086642, 0.00021669983865747, 0, 0, 0, 0, 0, 0, 
0, 0, 0, 0, 0, 0, 0, 0, 0, 0, 0, 0, 0, 0, 0, 0, 0, 0, 0, 0, 0, 
0, 0, 0, 0, 0, 0, 0, 0, 0, 0, 0, 0, 0, 0, 0, 0, 0, 0, 0, 0, 0, 
0, 0, 0, 0, 0, 0, 0, 0, 0, 0, 0, 0, 0, 0, 0, 0, 0, 0, 0, 0, 0, 
0, 0, 8.49900155941411e-06, 8.19750035552865e-06, 1.65734200458019e-06, 
1.35256223816021e-06, 0, 1.65734200458019e-06, 9.86358070714401e-06, 
-1.78151978778631e-05, 0, 9.56182618968913e-07, 2.34635396527426e-06, 
1.35272999196238e-06, 1.35265809762219e-06, 0, 1.65734200458019e-06, 
1.65734200458022e-06, 9.56182443851997e-07, 1.91441892955803e-06, 
2.14115250709498e-06, 1.04957901210071e-05, -3.57770783746264e-05, 
-5.7983073788935e-06, -5.2353843394877e-06, -1.49550908395541e-06, 
-1.22064146448733e-06, 0, -1.49550908395541e-06, 2.33105691978871e-05, 
-1.51201399623272e-05, 0, -8.62815235812454e-07, -2.11724371311269e-06, 
-1.22064146448733e-06, -1.22064146448733e-06, 0, -1.49550908395541e-06, 
-1.49550908395541e-06, -8.62815235812454e-07, -1.72748363483277e-06, 
-1.9320776799048e-06, -9.56261238051613e-06, 3.22835878939871e-05, 
1.13597291075431e-05, -5.19694034311001e-07, 1.76459271946437e-06, 
1.44026841094253e-06, 0, 1.76459271946437e-06, -1.34164801329637e-05, 
4.70205827719592e-07, 0, 1.01805959872053e-06, 2.49819479945124e-06, 
1.44026841090172e-06, 1.44026841094253e-06, 0, 1.76459272003589e-06, 
1.76459271946437e-06, 1.01805959872053e-06, 2.03830564973981e-06, 
2.27971179144445e-06, 1.1283191216971e-05, -3.80923007826258e-05, 
2.32213218677685e-09, 9.77976517837734e-05, 0.000184542317967546, 
-0.000265502053688314, -2.50976370796438e-09, -9.77967975652968e-05, 
-0.000184540667123644, 0.000265499611765582, 0.000298375825561734, 
-0.000138289119436389, 9.86358076047831e-06, 8.04568704615479e-06, 
0, 9.86358076047831e-06, 0.000912701146619926, -0.00093310716066006, 
0, 5.69066892427976e-06, 1.39640261564962e-05, 8.05069884923503e-06, 
8.05181943030861e-06, 0, 9.86358076047831e-06, 9.86358076051251e-06, 
5.69067182164213e-06, 1.13935602745909e-05, 1.27429525388795e-05, 
6.46538245425655e-05, -0.000212925335470217, 9.0378449231168e-05, 
8.16042723799363e-05, 2.33105708435162e-05, 1.90261923597973e-05, 
0, 2.33105708435162e-05, -0.000363343967212292, 0.000235678439986866, 
